location,AccHalfAng__DEG,RCR,CR,r_a__m,rr_g,rr_ut,rt_g,rgap,length__m,beta__DEG,T_in__K,intensity__Wh__m2,datetime__now
TOLEDO-WINLOCK MEM,58,0.750009988059873,1.29695191656053,0.05,1.87460257617149,0.100000013968184,0.2,0,2,40.9290665669187,513,153296.144016794,736102.922959028
TOLEDO-WINLOCK MEM,61.9907108180616,0.750009986999064,1.26122660060134,0.05,1.89889518222778,0.100000016371928,0.2,0,2,41.2705838491317,513,152641.511298599,736102.920715567
TOLEDO-WINLOCK MEM,56.0000115123863,0.748804291577084,1.32625302032656,0.05,1.89843283766891,0.100000016471395,0.2,0,2,41.222032909242,513,151845.365883698,736102.819384039
TOLEDO-WINLOCK MEM,56.0000115123863,0.748804291577084,1.32625302032656,0.05,1.89843283766891,0.100000016471395,0.2,0,2,41.222032909242,513,151845.365883698,736102.816186829
TOLEDO-WINLOCK MEM,58,0.750009988059873,1.29695191656053,0.05,1.87460257617149,0.100000013968184,0.2,0,2,40.9290665669187,513,153296.144016794,736102.797713773
TOLEDO-WINLOCK MEM,79.01,0.750009995304098,1.0892913980328,0.05,1.54322715887786,0.100531726461008,0.2,0,2,35.2935688355112,413,313251.669800448,736102.781315787
TOLEDO-WINLOCK MEM,49.9997350638681,0.99999999520826,1.5414427596967,0.05,1.86341981350534,0.100000003902788,0.2,0,2,40.718301708992,533,135160.73748336,736102.769114606
TOLEDO-WINLOCK MEM,49.9995274979421,0.999999995208258,1.54144581776489,0.05,1.86341517121486,0.100000003902789,0.2,0,2,40.717364350453,533,135160.523699678,736102.760029583
TOLEDO-WINLOCK MEM,79.9999751025062,0.502900412870539,1.04102718428905,0.05,1.40010052706244,0.100000024845824,0.2,0,2,35.0100044913608,393,357819.748116677,736102.756784641
TOLEDO-WINLOCK MEM,35.0123450330681,0.999999973545274,2.03278754092043,0.05,1.80913627555115,0.100000149768305,0.2,0,2,43.7965441511145,573,114268.275474653,736102.746867257
TOLEDO-WINLOCK MEM,79.9999751024713,0.502901659013155,1.0410450740141,0.05,1.40025687119612,0.100000024845877,0.2,0,2,35.0098735915681,393,357816.89805667,736102.738587847
TOLEDO-WINLOCK MEM,34.9829675939591,0.99999999425756,1.99599395027894,0.05,1.72549422075564,0.100000025705974,0.2,0,2,44.015356190715,553,125604.750601286,736102.721614167
TOLEDO-WINLOCK MEM,79.9970463989495,0.502743060116818,1.04101117619945,0.05,1.40002954570964,0.100005076505594,0.2,0,2,35.3444394997621,393,357766.998256644,736102.707665093
TOLEDO-WINLOCK MEM,79.9999980599787,0.500060600017518,1.04078523004191,0.05,1.40000999737516,0.365554117416828,0.2,0,2,34.1393440810457,373,384523.621039049,736102.690641574
TOLEDO-WINLOCK MEM,79.9999980599089,0.500092307815319,1.04078638957824,0.05,1.3999973867833,0.360660428549505,0.2,0,2,34.1371738072649,373,384502.496669184,736102.686366829
INDIANAPOLIS INTL AP,42.0000098844549,0.99981492955956,1.66058280004471,0.05,1.595,0.200000119186627,0.2,0,2,34.9946548376637,553,207622.798542977,736102.667225822
INDIANAPOLIS INTL AP,42.0000098844549,0.99981492955956,1.66058280004471,0.05,1.595,0.200000119186627,0.2,0,2,34.9946548376637,553,207622.798542977,736102.659658125
INDIANAPOLIS INTL AP,42.4256583501787,0.999282951703165,1.73436153588705,0.05,1.82454616614323,0.100480730642531,0.2,0,2,35.2275242943643,533,239608.411322997,736102.633360949
INDIANAPOLIS INTL AP,42.4256583501787,0.999282951703165,1.73436153588705,0.05,1.82454616614323,0.100480730642531,0.2,0,2,35.2275242943643,533,239608.411322997,736102.630641273
INDIANAPOLIS INTL AP,49.9994888264879,0.500009990800995,1.2613182009518,0.05,1.80941004219205,0.100000007433184,0.2,0,2,31.807295641705,513,277090.534620445,736102.629513449
INDIANAPOLIS INTL AP,49.999499350278,0.500008514378495,1.26131734139549,0.05,1.80941021197863,0.100000007432996,0.2,0,2,31.8072968887344,513,277086.696499139,736102.6242586
INDIANAPOLIS INTL AP,71.0155700177389,0.750009986835632,1.15251688896788,0.05,1.70045962419385,0.100000021496018,0.2,0,2,30.9952047397394,473,377203.260804753,736102.608526829
INDIANAPOLIS INTL AP,71.0155735476974,0.750009868227071,1.15251684949269,0.05,1.70045964267285,0.100000021496006,0.2,0,2,30.9952045972082,473,377202.903173094,736102.604517118
INDIANAPOLIS INTL AP,78,0.750009989647207,1.10649309734806,0.05,1.61830043939085,0.199999791579925,0.2,0,2,30.8291906575724,453,420903.996158387,736102.591401551
INDIANAPOLIS INTL AP,76.0000329466455,0.750009989647205,1.11342400966277,0.05,1.61830043939085,0.199999791579925,0.2,0,2,30.8291906575724,453,420960.830024941,736102.582661204
INDIANAPOLIS INTL AP,78.0000747118035,0.750009990689179,1.09754572041444,0.05,1.57123705639707,0.100000004638674,0.2,0,2,29.3982697177897,433,485897.017657277,736102.572027801
INDIANAPOLIS INTL AP,78.0000673697375,0.750001621740039,1.09754482904697,0.05,1.57123798071231,0.100000004637603,0.2,0,2,29.3982200588614,433,485868.931528175,736102.180334306
INDIANAPOLIS INTL AP,79.9999991366543,0.750009993230608,1.07185410579967,0.05,1.46164221109431,0.10000000138917,0.2,0,2,29.1594182492029,413,548148.802791544,736102.171428576
INDIANAPOLIS INTL AP,79.9999991371362,0.749702153820104,1.07177473676867,0.05,1.46135996805567,0.10000000138814,0.2,0,2,29.1554091680503,413,548108.697559396,736102.161620683
INDIANAPOLIS INTL AP,79.9999987243232,0.5,1.04078028587572,0.05,1.40000999305802,0.111616597501356,0.2,0,2,28.6761991841199,373,641851.036253181,736102.140612153
INDIANAPOLIS INTL AP,79.9999987243232,0.4999,1.04077212981855,0.05,1.40000999305802,0.111616597501356,0.2,0,2,28.6761991841199,373,641848.868853182,736102.138538391
INDIANAPOLIS INTL AP,79.9999987243232,0.498639097188215,1.0406692898643,0.05,1.40000999305802,0.111616597501356,0.2,0,2,28.6761991841199,373,641825.985418301,736102.132225776
INDIANAPOLIS INTL AP,79.9999987243238,0.498639091611467,1.04066928740261,0.05,1.40000997526633,0.111616596341791,0.2,0,2,28.6761991130554,373,641825.928051671,736102.123373218
INDIANAPOLIS INTL AP,76,0.499999999999999,1.04886835079396,0.05,1.40000998361113,0.399795170686528,0.2,0,2,28.8364360639668,393,571059.66788429,736102.119638241
INDIANAPOLIS INTL AP,70,0.55,1.07341776833359,0.05,1.40000998361113,0.399795170686528,0.2,0,2,28.8364360639668,393,564234.254730571,736102.11594265
INDIANAPOLIS INTL AP,70,0.600000000000001,1.08009211090937,0.05,1.40000998361113,0.399795170686528,0.2,0,2,28.8364360639668,393,559568.947392894,736102.113002731
INDIANAPOLIS INTL AP,79.0635187296232,0.500009988324456,1.04241713271135,0.05,1.40001327936442,0.238429499442968,0.2,0,2,28.691642967431,373,641125.20907352,736102.113014641
INDIANAPOLIS INTL AP,76,0.100000000000001,1.00977367015879,0.05,1.40000998361113,0.399795170686528,0.2,0,2,28.8364360639668,393,560778.145559387,736102.10926537
INDIANAPOLIS INTL AP,76,0.499999999999999,1.04886835079396,0.05,1.40000998361113,0.399795170686528,0.2,0,2,28.8364360639668,393,571059.66788429,736102.106435
INDIANAPOLIS INTL AP,77,0.499999999999999,1.04657325172453,0.05,1.40000998028189,0.387621925073919,0.2,0,2,28.402141441261,373,641581.068397295,736102.100650394
PHOENIX SKY HARBOR INTL AP,79.0099141126691,0.750009986120768,1.06961783213135,0.05,1.43394035337982,0.199999519898086,0.2,0,2,30.048775754455,453,790469.408080169,736088.053915001
PHOENIX SKY HARBOR INTL AP,76.0000330469192,0.750009995384756,1.09190055004891,0.05,1.50432700706902,0.199999913023209,0.2,0,2,29.5141110290263,473,708810.744682852,736088.041636759
PHOENIX SKY HARBOR INTL AP,79.9999997553552,0.749853336386272,1.06115846401688,0.05,1.40000999155363,0.10000000115893,0.2,0,2,30.3347756533816,433,892416.560486639,736088.012658383
LOS ANGELES INTL ARPT,65.0000165967188,0.500009993598776,1.10837747911385,0.05,1.56056412400728,0.199999981362316,0.2,0,2,28.6294690378092,453,584170.41165421,736083.938224769
LOS ANGELES INTL ARPT,48.9992231592628,0.500009993350883,1.25825782610401,0.049999999996673,1.7260250874107,0.200000009831384,0.200000005801541,3.41937390125673e-06,2,29.2405130075917,513,399138.343612989,736083.194874456
LOS ANGELES INTL ARPT,49.0015200363271,0.500072847508963,1.25828173001636,0.0499999999966751,1.72612902174301,0.200000009831252,0.20000000580154,3.41350135995456e-06,2,29.2396658760884,513,399100.644597,736083.188879097
LOS ANGELES INTL ARPT,47.9494501057244,0.502555002298449,1.28212333138262,0.049999999948338,1.78287061287525,0.200000004958871,0.20000000114142,0.000131508813676863,2,24.9707737883009,513,395920.723709544,736083.180054607
LOS ANGELES INTL ARPT,66.8507735476413,0.750009995723377,1.20444764589623,0.0499999999997516,1.82345042921261,0.200000004978662,0.200000033975731,2.948724300303e-05,2,29.1176363247806,513,397563.00359175,736083.170683576
LOS ANGELES INTL ARPT,37.0000098502038,0.999999905021853,1.87521108475015,0.0499999995599054,1.66385498626748,0.200000043951232,0.20000001105375,8.32277746411378e-07,2,32.3222457458443,513,378435.288934575,736083.168876215
LOS ANGELES INTL ARPT,37.0000098502038,0.999999905021853,1.87521108475015,0.0499999995599054,1.66385498626748,0.200000043951232,0.20000001105375,8.32277746411378e-07,2,32.3222457458443,533,350892.106353626,736083.165540625
LOS ANGELES INTL ARPT,36.9999465890465,0.999999905021694,1.87522721663748,0.0499999995599056,1.6638866476305,0.200000043951232,0.20000001105375,8.32255860938152e-07,2,32.3226972450767,533,350886.083315498,736083.16075265
LOS ANGELES INTL ARPT,38.034607416367,0.500009941755514,1.46988132033994,0.0499999996869276,1.91635791209988,0.200000038843592,0.200000007165303,0.000153549967292797,2,29.9945947102475,533,338802.778819293,736083.15327294
LOS ANGELES INTL ARPT,63.5619877437509,0.750009992517264,1.2563159565946,0.0499998053940248,1.93957460537662,0.200000135330197,0.200000022547449,6.07735338378507e-08,2,29.3074247277237,533,338573.309093564,736083.142803773
LOS ANGELES INTL ARPT,37.0000099897042,0.999999987054127,1.9101695232222,0.0499999989255824,1.74548040158651,0.200000051933605,0.200000010641515,1.96488562640195e-06,2,32.1024413773412,553,322790.535438388,736083.124717743
LOS ANGELES INTL ARPT,37.0000099897042,0.999999987054127,1.9101695232222,0.0499999989255824,1.74548040158651,0.200000051933605,0.200000010641515,1.96488562640195e-06,2,32.1024413773412,553,322790.535438388,736083.122404745
LOS ANGELES INTL ARPT,40.0000098826072,0.999998217198128,1.80017290505165,0.0499986040320592,1.77434907724347,0.200006711099033,0.2000012901221,9.20370251951056e-08,2,32.5868621073858,553,308645.274755029,736083.104892361
LOS ANGELES INTL ARPT,21.0000099679853,0.999877386665254,3.03928560831537,0.0498488865505922,1.50372624977842,0.200000053936077,0.214127570096079,0.000954318149800634,2,37.3221600034591,553,272432.691673689,736083.097490891
LOS ANGELES INTL ARPT,21.0011007828703,0.999877386321052,3.03907535517951,0.049848879328481,1.50363652687303,0.200000053936073,0.214130707699202,0.000954329058181162,2,37.322452631997,553,272423.726421057,736083.092175058
LOS ANGELES INTL ARPT,61.7510427249323,0.750009997151495,1.28700823154511,0.0499999991976713,1.99999921347038,0.200000008873058,0.200000008390527,1.11459092402725e-09,2,30.1619970816879,553,283021.578124516,736083.083440718
ATLANTA HARTSFIELD INTL AP,79.8551511384954,0.75000999831392,1.07486973472052,0.0499999877011911,1.47652369927553,0.399998908621514,0.200009678232118,1.43612504735721e-05,2,27.8408939986487,413,618167.512482124,736083.079470266
ATLANTA HARTSFIELD INTL AP,79.9569753532263,0.750009222487332,1.07444009788553,0.0499999907072875,1.47558250564987,0.35634453550548,0.20000968469596,9.93323826142563e-06,2,27.8893262247494,413,618144.743125478,736083.016533438
ATLANTA HARTSFIELD INTL AP,79.01,0.500009992779057,1.05992967159288,0.0365,1.45647747391062,0.293762561829384,0.47,0.09,2,28.3877001969391,413,534719.071605854,736083.007510694
ATLANTA HARTSFIELD INTL AP,71.920787076133,0.500009992779058,1.06697443783178,0.0499999998338109,1.45647747391062,0.293762561829384,0.200000002745762,9.12253592265525e-06,2,28.3877001969391,413,616810.063053549,736083.004754653
ATLANTA HARTSFIELD INTL AP,77.9839351667667,0.750009999282211,1.09867302106585,0.0499999985884641,1.57694003817098,0.341266210117085,0.20000000643855,7.98524796181492e-06,2,28.1064094521029,433,550565.464503372,736083.001236863
ATLANTA HARTSFIELD INTL AP,77.9839351667667,0.750009999282211,1.09867302106585,0.0499999985884641,1.57694003817098,0.341266210117085,0.20000000643855,7.98524796181492e-06,2,28.1064094521029,433,550565.464503372,736082.99959162
ATLANTA HARTSFIELD INTL AP,78.7882093170108,0.75007816167299,1.08954267077583,0.0499999546494779,1.541097229687,0.399318266944453,0.200000004012624,2.94368540085932e-07,2,28.4182236631638,433,550277.782460926,736082.989671933
ATLANTA HARTSFIELD INTL AP,72.9633175925665,0.749950669671205,1.14249399250278,0.0499999999867486,1.70000998572238,0.200000015443289,0.200000005877998,2.12146980696234e-06,2,28.6892746539506,473,464401.530121516,736082.980341921
ATLANTA HARTSFIELD INTL AP,72.9633175720491,0.749950668251697,1.14249397474418,0.0499999999867486,1.70000989861961,0.200000015443287,0.200000005877997,2.12146980198966e-06,2,28.6892746525272,473,464401.253041592,736082.977618102
ATLANTA HARTSFIELD INTL AP,65.9873690193771,0.750010106842942,1.18454420882676,0.0499999989297988,1.70168977563185,0.200000065390685,0.200000232051512,2.97898478114227e-06,2,27.7134595694362,473,460221.7119927,736082.968183993
ATLANTA HARTSFIELD INTL AP,56.7479404526828,0.500009990555516,1.18030190893709,0.0499999997107222,1.70015263790914,0.200000020783768,0.200000005967325,4.4749703351984e-06,2,28.8987771130257,493,404320.490211242,736082.956894502
ATLANTA HARTSFIELD INTL AP,56.7476433796291,0.500031903985524,1.18031398555933,0.0499999997107222,1.70016473644442,0.200000020783768,0.200000005967325,4.47182735057988e-06,2,28.8988320564974,493,404284.109317118,736082.951488947
ATLANTA HARTSFIELD INTL AP,55.5302034527675,0.501225820091415,1.19637410546423,0.0495063323439287,1.73690715580666,0.20000000433432,0.200000001222556,0.000344287665068284,2,28.0242718996536,493,401500.622882684,736082.938491412
INDIANAPOLIS INTL AP,64,0.500009986136269,1.13284954877679,0.0498936849414409,1.69928914002132,0.200000019706224,0.200000007341103,6.1602652359949e-07,2,31.7971234552899,473,366641.810335991,736082.900162118
INDIANAPOLIS INTL AP,56.999965912116,0.500009986136269,1.17821889613401,0.0498936849414409,1.69928914002132,0.200000019706224,0.200000007341103,6.1602652359949e-07,2,31.7971234552899,473,368189.805531658,736082.898015185
INDIANAPOLIS INTL AP,69.0001096410629,0.75000999668524,1.18536683089963,0.0499999999229371,1.80159036853255,0.200000391030978,0.200000099562415,3.97453300316037e-09,2,31.2490347926272,493,322693.691998218,736082.894777396
INDIANAPOLIS INTL AP,36.0000097248197,0.999999998054674,1.90889198895785,0.0499996278679963,1.63768656970782,0.20000003781884,0.200000001670556,0.000459128003182999,2,35.3963727175745,513,248362.209179184,736082.891701516
INDIANAPOLIS INTL AP,36.0011773601637,0.999999998058677,1.91246716579792,0.0499996267009395,1.64613231639348,0.200000037816549,0.200000001668999,0.00046065884338283,2,35.4183745418758,513,248350.028537176,736082.885265069
INDIANAPOLIS INTL AP,42.0000099318489,0.999999982048975,1.80484971719963,0.049999999999799,1.96171711019353,0.20000008923356,0.200000012059415,0.000743786713207605,2,35.0139595737314,573,190478.129340385,736082.829798206
INDIANAPOLIS INTL AP,42.0033585938786,0.999999982048032,1.80472778282461,0.0499999999997991,1.96170543306046,0.200000089236476,0.200000012059801,0.000743754675930837,2,35.0129286505193,573,190470.567757038,736082.824529757
INDIANAPOLIS INTL AP,42.9742558069455,0.999998246873812,1.86886839761965,0.0499620216354203,1.99998988049555,0.200008656444434,0.200001380009211,0.19999682189142,2,36.9025330882765,573,184127.533888588,736082.817131852
LOS ANGELES INTL ARPT,37.0000097941616,0.999999988728382,1.93830985805238,0.0499999977681388,1.80982391076016,0.20000008180327,0.200001964972621,1.52405982241714e-05,2,32.8364350300655,573,294568.622730043,736082.811021111
INDIANAPOLIS INTL AP,42.0000098844549,0.99981492955956,1.82011202225955,0.0499995642245446,1.99999604840216,0.200000119186627,0.200000021319343,4.43573340850711e-10,2,34.9946548376637,553,214055.854112873,736082.810159144
LOS ANGELES INTL ARPT,37.0002063917467,0.999999988728382,1.93829981041104,0.049999997768124,1.80982113944776,0.200000081803365,0.200001964981081,1.52406641174942e-05,2,32.8371214280912,573,294562.375578311,736082.807726875
INDIANAPOLIS INTL AP,42.0000035418512,0.999814929555343,1.82011224600529,0.0499995642245359,1.9999960484023,0.200000119186447,0.200000021319314,4.43573330716442e-10,2,34.9946539786477,553,214053.235908792,736082.807578993
LOS ANGELES INTL ARPT,47.2227639478802,0.999999957177448,1.7332885235801,0.0499998987364258,1.99392466512657,0.200001243990783,0.200165920661033,0.199998364523903,2,29.0355187600638,573,261360.207369779,736082.800755069
INDIANAPOLIS INTL AP,42.0115564619001,0.999800365759169,1.81969419351263,0.0499990794515285,1.99999923931177,0.200000134529946,0.200000024366898,3.22927889831155e-10,2,31.7030333918924,553,213568.189950748,736082.798536215
LOS ANGELES INTL ARPT,61.7510427249323,0.750009997151495,1.28700823154511,0.0499999991976713,1.99999921347038,0.200000008873058,0.200000008390527,1.11459092402725e-09,2,30.1619970816879,553,283021.578124524,736082.794109352
LOS ANGELES INTL ARPT,61.749640493708,0.750051463503346,1.28703773713778,0.0499999991976686,1.99999921347979,0.200000008872897,0.200000008390541,1.11458516661778e-09,2,30.1625539930961,553,282984.878044751,736082.789428623
INDIANAPOLIS INTL AP,39.3173658117162,0.999695820086998,1.92201413153004,0.0499995681905609,1.99999971979876,0.200000161954295,0.200000030416685,1.06530192430083e-10,2,36.9049983471775,553,205728.617950221,736082.789247882
PHOENIX SKY HARBOR INTL AP,43.0000098450108,0.99999997201559,1.70689590645734,0.0499999989638594,1.80065864929119,0.200000126836209,0.20000002241367,0.000109942548392563,2,32.8576070186035,573,430790.507026297,736082.787302928
LOS ANGELES INTL ARPT,63.5619877437509,0.750009992517264,1.2563159565946,0.0499998053940248,1.93957460537662,0.200000135330197,0.200000022547449,6.07735338378507e-08,2,29.3074247277237,533,338573.30909355,736082.781779363
INDIANAPOLIS INTL AP,57.9445735855038,0.762160109456051,1.33314266014294,0.0498870019473837,1.99999942007612,0.200000254347586,0.200000053163057,3.1463589494765e-11,2,32.339831290268,553,193789.024605808,736082.779967847
PHOENIX SKY HARBOR INTL AP,43.0921036408333,0.99999994368716,1.70410197872977,0.0499999987819464,1.80106967635745,0.200000144388323,0.200000026091771,6.26307506458379e-05,2,33.0685532374031,573,430470.158113537,736082.779212407
LOS ANGELES INTL ARPT,60.4168251961868,0.750057651377737,1.27972360803913,0.0499998037892011,1.91213247811472,0.200000135638164,0.200000022577497,6.01645196515341e-08,2,29.838267952917,533,337510.449775595,736082.775146111
PHOENIX SKY HARBOR INTL AP,43.0000095754231,0.999999999146392,1.6844105725171,0.049999999999741,1.74056438451545,0.200000005587486,0.200000002367359,0.00183671327783621,2,32.3515087857285,553,473253.492857689,736082.773229687
INDIANAPOLIS INTL AP,50.0000097833296,0.999067517338793,1.54869613860091,0.0499978482699517,1.8853712861131,0.200000020787072,0.200000060970218,0.000161655452202768,2,33.7092310457105,533,237945.54248968,736082.772456551
PHOENIX SKY HARBOR INTL AP,43.0000095754231,0.999999999146392,1.6844105725171,0.049999999999741,1.74056438451545,0.200000005587486,0.200000002367359,0.00183671327783621,2,32.3515087857285,553,473253.492857689,736082.772082801
INDIANAPOLIS INTL AP,49.9999988657709,0.999067517288835,1.5486965823456,0.0499978482698658,1.88537184387703,0.200000020787072,0.200000060970219,0.000161655457609094,2,33.709229817319,533,237940.7598998,736082.769057766
LOS ANGELES INTL ARPT,66.8507735476413,0.750009995723377,1.20444764589623,0.0499999999997516,1.82345042921261,0.200000004978662,0.200000033975731,2.948724300303e-05,2,29.1176363247806,513,397563.00359178,736082.767469595
PHOENIX SKY HARBOR INTL AP,43.789604689098,0.999999999027712,1.66204967409453,0.0499999999346646,1.74463989304021,0.200000006305549,0.200000002686113,0.0031020055686299,2,35.7929308176475,553,469865.313277025,736082.764337847
LOS ANGELES INTL ARPT,66.8507137940937,0.749981541180098,1.20444026494631,0.0499999999997518,1.82345019886527,0.200000004978645,0.200000033975756,2.94872710474433e-05,2,29.1176400178488,513,397526.063720339,736082.761464664
INDIANAPOLIS INTL AP,63.5985186837137,0.749913201233221,1.26349402770195,0.0494178619474318,1.97224328157766,0.200000021484612,0.200000070721056,0.000207450372602185,2,31.4016718500656,533,229222.851178333,736082.759406875
PHOENIX SKY HARBOR INTL AP,56.8436852658904,0.999999979161077,1.37854475182526,0.0499999993293828,1.76274000493325,0.200000031334821,0.200000027365766,3.85816397091337e-05,2,31.2316116037183,533,508963.044251362,736082.758060104
PHOENIX SKY HARBOR INTL AP,56.843496846874,0.999999979161073,1.37854920219697,0.0499999993293826,1.76274475944976,0.200000031334828,0.200000027365773,3.8581662609428e-05,2,31.2316161621857,533,508962.79585431,736082.754553345
LOS ANGELES INTL ARPT,61.5733275329358,0.750009966910284,1.28250975855841,0.0499598146903006,1.837354442275,0.200000041958918,0.200139057088262,0.136065888931375,2,26.8122024147815,513,389575.092176322,736082.753200266
INDIANAPOLIS INTL AP,60.0001814182007,0.500048425870983,1.14301737759636,0.0400000960163455,1.50500290025377,0.289999326431952,0.469997190049427,0.100009994832279,2,25.0005412206564,513,180357.077969589,736082.750948194
PHOENIX SKY HARBOR INTL AP,60.385553187241,0.999999731542561,1.3838888788405,0.0433737005233422,1.94575578254576,0.200002732878198,0.200000826518835,8.25266933530533e-09,2,32.2800442948242,533,465254.021178427,736082.746238032
INDIANAPOLIS INTL AP,69.0001096411078,0.750009981859177,1.18536682723602,0.0499999999229371,1.8015903685371,0.200000391030978,0.200000099562415,3.97453300316033e-09,2,31.2490347926262,493,322693.650528051,736082.745073437
ATLANTA HARTSFIELD INTL AP,33.5197385420202,0.999997618764739,2.30694755322172,0.0499999980521801,1.99999415130185,0.200006772728976,0.200000700739244,0.199999931466456,2,36.2094964965884,573,212189.802751845,736082.744150069
LOS ANGELES INTL ARPT,53.4882926264889,0.500009998378165,1.20770806039649,0.0499999997425168,1.69934874707916,0.200000019289932,0.200000005772576,6.36590211082295e-09,2,29.0855375945813,493,456520.442887724,736082.743692176
PHOENIX SKY HARBOR INTL AP,63.696537841362,0.750009990008521,1.20391898586133,0.0499999711387877,1.70935950992036,0.200000067411144,0.200000023023012,1.16033128521673e-05,2,31.5062521138072,513,564735.391227908,736082.739870891
ATLANTA HARTSFIELD INTL AP,55.7639975369969,0.999997654220626,1.54095965513529,0.0499999999573155,1.99999516883339,0.200006761261695,0.200000699300571,0.199999933441283,2,23.4657581453306,573,207489.54175913,736082.737285509
LOS ANGELES INTL ARPT,53.2830613938787,0.50007207700241,1.21097114423129,0.049999999742519,1.70775180019735,0.200000019290282,0.200000005772587,6.36401418822563e-09,2,29.1264854844032,493,456432.572519702,736082.736265544
INDIANAPOLIS INTL AP,69.0317808705749,0.750037328897643,1.18456526791413,0.0499999999998386,1.79872098785261,0.200000512786087,0.200000129798261,3.03447717190771e-09,2,31.3120450314698,493,322646.482637435,736082.735997593
PHOENIX SKY HARBOR INTL AP,63.6166618226279,0.75003286650439,1.2050642746735,0.0499999711346895,1.71158095210582,0.200000067418165,0.200000023025568,1.16052380600013e-05,2,31.5009733817124,513,564683.440871328,736082.733131632
ATLANTA HARTSFIELD INTL AP,51.01712181112,0.642349162280472,1.35203434793635,0.0499999995584752,1.94661136094699,0.20000005124785,0.200000697602891,4.02998070855912e-09,2,29.9217985118517,553,251639.622962114,736082.730348912
LOS ANGELES INTL ARPT,59.9989675262465,0.503385451765791,1.15653722544682,0.0399892383854647,1.69014499001895,0.200002270648312,0.200000536865617,0.000282968475089226,2,31.2917228177613,493,409976.839611259,736082.727688588
INDIANAPOLIS INTL AP,58.952567482667,0.750000658044485,1.29344786257204,0.040000869725683,1.90472527528432,0.200003980760602,0.200001152041381,1.34289915253567e-07,2,32.1311725542121,493,281362.732974776,736082.727086435
PHOENIX SKY HARBOR INTL AP,68.7736655025358,0.750009998312505,1.16394158059517,0.0499999962435907,1.68882392790637,0.200000257673591,0.200000094853663,0.00391526080223217,2,28.7497379969355,493,633474.239398964,736082.725972025
ATLANTA HARTSFIELD INTL AP,63.1080276177129,0.755459604301231,1.27214355556072,0.0499999995491605,1.98236375354459,0.200000051280614,0.200000706523697,4.01327556711942e-09,2,30.4112327047135,553,247122.97793885,736082.723456516
PHOENIX SKY HARBOR INTL AP,68.7736729518163,0.750009552128572,1.16394145398253,0.0499999962435778,1.68882401048693,0.200000257673593,0.200000094853663,0.00391526082613261,2,28.7497332337928,493,633472.093141153,736082.72292478
LOS ANGELES INTL ARPT,61.9561069641974,0.500009992776397,1.1313663471056,0.0499999997118358,1.60802191623997,0.200000013080286,0.200000005612485,5.01994560503365e-06,2,29.3243867956223,473,519798.447239473,736082.718633403
INDIANAPOLIS INTL AP,56.999965912116,0.500009986136269,1.17821889613401,0.0498936849414409,1.69928914002132,0.200000019706224,0.200000007341103,6.1602652359949e-07,2,31.7971234552899,473,368189.805531672,736082.717631852
ATLANTA HARTSFIELD INTL AP,61.9998938796949,0.750009977878626,1.27647416711391,0.049999985993844,1.96517864314226,0.200000025196507,0.200000003067366,1.83958438338344e-07,2,29.810615347571,533,297712.627570846,736082.715837674
LOS ANGELES INTL ARPT,61.9561012593264,0.50000958999485,1.13136627406665,0.0499999997118362,1.60802191124734,0.200000013080267,0.200000005612476,5.01994542801281e-06,2,29.3243900214122,473,519796.842362631,736082.714246424
PHOENIX SKY HARBOR INTL AP,64.9924820752749,0.725949825342858,1.17957079952489,0.0499999953572646,1.66714430198081,0.200000271008477,0.200000099810527,0.00413994046793247,2,31.9803836823073,493,631194.593741481,736082.713904988
INDIANAPOLIS INTL AP,56.9999129245159,0.500006892478375,1.17821819526509,0.0498936849311799,1.69928910403304,0.200000019706037,0.200000007341036,6.16026456716169e-07,2,31.7971443838506,473,368180.701795447,736082.711913449
ATLANTA HARTSFIELD INTL AP,62.0115080902213,0.748898562193975,1.27606327186536,0.0499999668160119,1.96564883409889,0.200000005919283,0.200000613488913,5.12272011309766e-08,2,29.8145620826118,533,297604.142609002,736082.70743853
PHOENIX SKY HARBOR INTL AP,68.00284184926,0.500009986332438,1.08737591146616,0.0499999965414897,1.50432601745036,0.200000022653854,0.200000017213605,0.000173116951548192,2,29.5139852500126,473,707361.320240796,736082.7069889
LOS ANGELES INTL ARPT,60.0041570271235,0.498407593144727,1.16056209482017,0.0499999999759678,1.63521325533124,0.200000246719685,0.200000106179814,0.0929575898756834,2,28.6524304644412,473,510327.539533777,736082.705069225
INDIANAPOLIS INTL AP,56.8235665295244,0.499841925838424,1.17821642719674,0.0499181334839725,1.69079313193802,0.20000001962875,0.200000007357949,2.39367679655299e-07,2,29.9186626100105,473,367859.092376532,736082.701196308
ATLANTA HARTSFIELD INTL AP,62.000014909596,0.750009992157462,1.2777876209594,0.0491896686988667,1.97081996222258,0.200003226212266,0.200000500460175,3.91067582771271e-06,2,29.1335338885265,513,344422.064653328,736082.699806748
PHOENIX SKY HARBOR INTL AP,68.0172117057341,0.501784190792563,1.08928672024765,0.0499999965409951,1.51718560091868,0.200000022655475,0.200000017215044,0.000173275981128794,2,29.4919362822983,473,707221.131880848,736082.698349664
LOS ANGELES INTL ARPT,62.0195676157791,0.50000999114388,1.12436048863222,0.0499999999640835,1.56056416506548,0.200000002086751,0.200000001336379,8.73647334110827e-07,2,28.6294697006994,453,585019.03765997,736082.693635706
INDIANAPOLIS INTL AP,59.712734782993,0.500180988080701,1.15873055521002,0.0400336263307317,1.69905769293728,0.200002719727403,0.200004401689374,9.90817230525252e-07,2,30.319714756996,473,332896.967935437,736082.691894606
LOS ANGELES INTL ARPT,62.0195708376973,0.500009007936998,1.12436026986623,0.0499999999640841,1.56056448615593,0.200000002086733,0.200000001336368,8.7364731136217e-07,2,28.6294723915101,453,585014.972913878,736082.690284051
ATLANTA HARTSFIELD INTL AP,64.1348350000285,0.750769181867445,1.26361581825341,0.0490736515657254,1.99194234140069,0.200003510701736,0.200000543871662,4.73914404213405e-07,2,17.9325530146195,513,333746.946376492,736082.689682801
PHOENIX SKY HARBOR INTL AP,63.4939026833641,0.499974612072892,1.11836544580258,0.0499999990391816,1.57684969958007,0.200000037635134,0.200000030639343,1.1439944778049e-06,2,30.4017780130237,473,705221.386735268,736082.68964434
ATLANTA HARTSFIELD INTL AP,60.0001692499626,0.500051376489945,1.14301845988606,0.0400001141924495,1.50500401409277,0.289999373768576,0.469996295473876,0.100009990764856,2,25.0004501473857,493,300049.059142552,736082.681371262
PHOENIX SKY HARBOR INTL AP,68.9919931370787,0.500009988197902,1.07458404557277,0.0499999999565819,1.43394001509893,0.200000005579497,0.200000005274816,8.47943358044211e-07,2,30.0485548745324,453,789373.697613879,736082.680821644
LOS ANGELES INTL ARPT,60.0003722905153,0.500006850371426,1.142985614267,0.0499999999928692,1.60485217606787,0.200000039982317,0.200000023975106,3.10743451854177e-05,2,28.7134308079057,453,581795.03199816,736082.68072956
INDIANAPOLIS INTL AP,64.5540121132525,0.500009988020766,1.11852116312746,0.0499999998687676,1.61829947697842,0.200000003469912,0.200008371775393,2.65969958142719e-11,2,30.8293434811349,453,419101.202037151,736082.6769164
ATLANTA HARTSFIELD INTL AP,60.2221627293849,0.447297318118743,1.14407776559363,0.0405915978518878,1.62813183330607,0.281485559866385,0.446985203291147,0.109538708840243,2,28.9330586772663,473,365947.234831946,736082.676897986
INDIANAPOLIS INTL AP,64.5540121132532,0.500009973194406,1.11852115961298,0.0499999998687676,1.61829947697786,0.200000003469912,0.200008371775393,2.65969958142718e-11,2,30.8293434811367,453,419101.155532635,736082.674456146
PHOENIX SKY HARBOR INTL AP,68.9900502209536,0.500009072392993,1.0746004137935,0.0499999999529804,1.43401469211426,0.200000599362421,0.200000013989057,2.13067728805033e-09,2,30.3336302771402,453,789362.860303243,736082.673738981
LOS ANGELES INTL ARPT,78.9964709047704,0.750009995837473,1.08947814032225,0.0499999968672873,1.54402682127723,0.399999395963975,0.200000005990786,4.04446498196888e-07,2,28.0457261644278,433,612501.668760109,736082.672292187
LOS ANGELES INTL ARPT,78.9964707454515,0.750009660685611,1.08947808554603,0.0499999968672912,1.54402673900585,0.399999395964023,0.200000005990786,4.04445597316026e-07,2,28.0457184814401,433,612500.330967548,736082.668161424
ATLANTA HARTSFIELD INTL AP,66.9976010955453,0.500009992982002,1.0961633185487,0.0499999996907754,1.5390517754836,0.200000010260801,0.200000006360715,2.89839080928705e-09,2,28.7494289904413,453,521448.22150116,736082.667968947
PHOENIX SKY HARBOR INTL AP,67.6497067174698,0.49939413111116,1.08167760929839,0.0499999989265348,1.44860972308348,0.200000808186451,0.20000001706604,1.64943266415739e-09,2,30.6546236284432,453,788449.995555908,736082.665435023
INDIANAPOLIS INTL AP,65.8236364640617,0.500380585762174,1.10945237803731,0.049999999938177,1.59747024095692,0.20000000014944,0.200010779789385,2.1268126950585e-11,2,30.6044423335095,453,418438.459357068,736082.663511019
ATLANTA HARTSFIELD INTL AP,66.9960556150369,0.500013936585297,1.09616842599302,0.0499999996907754,1.53903292123192,0.200000010260801,0.200000006360715,2.89838798954369e-09,2,28.7494773210735,453,521409.526325032,736082.659602535
PHOENIX SKY HARBOR INTL AP,69.136337325396,0.500009996908235,1.0717425764556,0.049999990174938,1.41506809743346,0.399988347634349,0.200000065890828,1.09968807684124e-05,2,29.4113953807523,433,811730.029618489,736082.65846647
LOS ANGELES INTL ARPT,78.9952596568483,0.749995804475016,1.09131539346955,0.0499999968634254,1.55390946346856,0.399881540420131,0.200000005990748,3.91137899881434e-07,2,28.6844911177019,433,612349.867759298,736082.657635729
INDIANAPOLIS INTL AP,70.9667813675289,0.500009996781685,1.08077117086553,0.0499999999154041,1.54119076094656,0.389194583297273,0.20000000081878,6.08211252791836e-07,2,29.6621050961289,433,443060.547048054,736082.655447222
PHOENIX SKY HARBOR INTL AP,70.9252553180284,0.500062404679103,1.06444825585445,0.0499999925836121,1.40790303512785,0.301208192695433,0.20000011746569,1.93842601281159e-05,2,30.3513423573365,433,811334.873452008,736082.652161817
ATLANTA HARTSFIELD INTL AP,66.0292512220963,0.500065356294826,1.10210472691158,0.0499999965820008,1.55061791523029,0.200000048809793,0.200000000112847,3.0933903529501e-08,2,28.7661144828045,453,521247.491319995,736082.650078021
LOS ANGELES INTL ARPT,70.4565587936061,0.49958122429032,1.07323185842507,0.0426195369384323,1.46754152180631,0.369451438228935,0.200000130740745,4.5938742817597e-06,2,27.716223280936,433,586637.275184958,736082.648870289
INDIANAPOLIS INTL AP,70.9774811949025,0.500689550438331,1.08080609220563,0.0499999999154441,1.54089919161004,0.389192821002313,0.200000000817956,6.06268525561447e-07,2,29.661555223818,433,443022.322146319,736082.64709559
PHOENIX SKY HARBOR INTL AP,79.9999990592499,0.749664804370708,1.06115114447953,0.0499999995623574,1.40000998422587,0.399977435988761,0.200000005772262,4.75089499136408e-05,2,30.2569143368561,413,897869.009348392,736082.645306678
ATLANTA HARTSFIELD INTL AP,69.95,0.502149424224559,1.09319809727106,0.0400307731566326,1.50407047114526,0.290005670299503,0.469410965843975,0.101050478579283,2,25.8285834216956,433,469796.992510164,736082.641494421
PHOENIX SKY HARBOR INTL AP,79.9999990592506,0.749664808590093,1.06115069743713,0.0499999995623577,1.4000073461152,0.399977434828109,0.200000005772257,4.75089595194963e-05,2,30.2569062849414,413,897856.930215114,736082.641310058
LOS ANGELES INTL ARPT,79.9780508484513,0.500009997127058,1.04103132178417,0.0499999967668375,1.40189741711196,0.367263559894311,0.200000050747112,5.95013220416431e-08,2,27.7331712149432,413,683592.877914874,736082.6407339
ATLANTA HARTSFIELD INTL AP,71.920787076133,0.500009992779058,1.06697443783178,0.0499999998338109,1.45647747391062,0.293762561829384,0.200000002745762,9.12253592265525e-06,2,28.3877001969391,413,616810.063053548,736082.639558831
INDIANAPOLIS INTL AP,71.0069098383602,0.500009988324481,1.07352990177969,0.0499999698055357,1.48496669583891,0.203928163221965,0.20000008588627,1.53278198213763e-07,2,29.2097929114729,413,504247.927766637,736082.639016806
INDIANAPOLIS INTL AP,71.0068942057871,0.500008759231397,1.07352971837389,0.0499999698055376,1.48496624162276,0.203928107998595,0.200000085886162,1.53278171726474e-07,2,29.2097915979601,413,504244.131123094,736082.635293206
LOS ANGELES INTL ARPT,71.1771188620869,0.50000915790553,1.06608585891315,0.0499999983712832,1.42884200311639,0.374883397374657,0.200000024778152,9.65487295009101e-06,2,28.336862437802,413,683103.542065473,736082.634390185
ATLANTA HARTSFIELD INTL AP,71.018625613978,0.500008450389893,1.06809283667801,0.0499999999154105,1.44102597380214,0.324808725493236,0.200000001400317,9.04588309208583e-06,2,27.7918878246674,413,616772.346643521,736082.633767523
PHOENIX SKY HARBOR INTL AP,79.9999096498815,0.537607785515409,1.04389666092166,0.0499999891830067,1.40041199756895,0.389992374664,0.200046242839128,6.10605599744896e-08,2,30.2096056647006,413,895598.055914616,736082.63253309
ATLANTA HARTSFIELD INTL AP,79.9999010556324,0.500512381305817,1.04082273232637,0.049999955942642,1.40000999238378,0.399524490054608,0.200000867142531,4.36054154707903e-06,2,27.6281246265033,393,691607.135308619,736082.273002141
INDIANAPOLIS INTL AP,79.9999846567289,0.524293134147226,1.0427616712909,0.0499999859109559,1.40000998361113,0.399795170686528,0.200000307080105,6.36306749070354e-10,2,28.8364360639668,393,570789.101660854,736082.269823194
INDIANAPOLIS INTL AP,79.9999846567289,0.524293134147226,1.0427616712909,0.0499999859109559,1.40000998361113,0.399795170686528,0.200000307080105,6.36306749070354e-10,2,28.8364360639668,393,570789.101660854,736082.268275463
ATLANTA HARTSFIELD INTL AP,79.9999010552383,0.500707689927316,1.04083478576049,0.049999955905473,1.39997577108569,0.399524479032691,0.200000867145903,4.35803834222057e-06,2,27.631916932731,393,691568.117423275,736082.266011238
LOS ANGELES INTL ARPT,79.9999920534925,0.500093625124485,1.04078819787544,0.0499999999953503,1.40000995436381,0.200035693756823,0.200000116038287,2.37925093088283e-06,2,28.1469647615334,393,762237.992155188,736082.265332743
INDIANAPOLIS INTL AP,79.9998680363202,0.529682603117146,1.04319375067417,0.0494014952764907,1.39994103296861,0.323037065126988,0.200000881198355,4.7308551314973e-06,2,29.7187395151895,393,569383.511009479,736082.258361111
LOS ANGELES INTL ARPT,79.9999903727691,0.502230086796406,1.04105237932582,0.049999996659458,1.4008034947377,0.200340861911936,0.200000142123591,1.48841468613444e-07,2,28.1320457603461,393,762137.951712884,736082.257172396
ATLANTA HARTSFIELD INTL AP,79.9956766997208,0.0651055724397152,1.00160640743269,0.0499940996958201,1.10002333180658,0.2277851187237,0.200052435517554,4.69017655732637e-09,2,31.5731541198981,393,654907.779493955,736082.257089167
PHOENIX SKY HARBOR INTL AP,79.9999847602553,0.500009990777151,1.03596169432212,0.0499999898630927,1.35666213933802,0.200980612148732,0.200000184726912,8.92675200181045e-06,2,30.4549369746921,393,980883.423966067,736082.245375822
PHOENIX SKY HARBOR INTL AP,79.9999827473376,0.503871403323005,1.03600208549943,0.0499999885087122,1.3545024202956,0.20090708031591,0.200000209787932,1.01954459234478e-05,2,30.0385925423605,393,980792.5885857,736082.240084236
PHOENIX SKY HARBOR INTL AP,79.999997197253,0.000492933190806899,1.00001850619595,0.0499999995907397,1.183051615441,0.382752845800613,0.20000000232457,1.07830582685459e-07,2,29.7343230631648,373,1070073.08070076,736082.233049815
PHOENIX SKY HARBOR INTL AP,79.9999971972252,0.000492947418803591,1.00001850825125,0.0499999995907358,1.18306948217641,0.382781535299174,0.200000002324592,1.07832408138966e-07,2,29.7340391870807,373,1070073.06611136,736082.215516713
ATLANTA HARTSFIELD INTL AP,79.9999989245138,0.5000099845775,1.04031215675038,0.0499999998794038,1.39585368414802,0.387350537989787,0.200000008619914,3.84250621925395e-06,2,27.6262121445145,373,768086.180528017,736082.187496736
LOS ANGELES INTL ARPT,79.9999993736079,0.500090375927477,1.03776817020124,0.0499999816525648,1.37303601472864,0.200135725885017,0.200000008283339,4.53661278176641e-06,2,27.639502403624,373,841299.254269441,736082.183963125
LOS ANGELES INTL ARPT,79.9999993736078,0.500181995676856,1.03777294414451,0.0499999816524972,1.3730166509934,0.200135704116468,0.200000008283339,4.53420379052569e-06,2,27.6394997758357,373,841297.53927926,736082.181484363
ATLANTA HARTSFIELD INTL AP,79.9999990231751,0.500171265890857,1.04004911195727,0.0499999996998802,1.39340647890298,0.399995068165931,0.200000008675518,1.36066879536687e-06,2,27.4507267710871,373,768031.961198227,736082.180278843
LOS ANGELES INTL ARPT,79.9999994045094,0.499940416284544,1.03768786243406,0.0491078452595819,1.37240755690295,0.201286703344829,0.200000008363495,9.85490323068297e-06,2,27.8288941875787,373,839855.581740297,736082.172484109
ATLANTA HARTSFIELD INTL AP,79.9999941919729,0.00165153428844284,1.00008397465545,0.0499999757690292,1.25511993953088,0.200001613157973,0.200000009760834,3.58232964414529e-06,2,27.5875047324731,373,762369.893897528,736082.172298646
INDIANAPOLIS INTL AP,79.9999961709025,0.508458290267545,1.04147043821205,0.0499999761871561,1.40000998028189,0.387621925073919,0.201143666622206,2.49086695574598e-06,2,28.402141441261,373,641703.904324358,736082.168253796
INDIANAPOLIS INTL AP,79.999996170951,0.508458774889899,1.04146980647764,0.0499999761871496,1.40000414413796,0.387621992257969,0.201143667080363,2.49086523965885e-06,2,28.4021144786237,373,641684.952219176,736082.165653264
LOS ANGELES INTL ARPT,79.9999193503087,0.497994629002441,1.03050595299841,0.0400120423379161,1.305995580809,0.324548698215093,0.200000665517786,0.000696024501838927,2,27.6159626926592,373,824833.22401021,736082.164091806
ATLANTA HARTSFIELD INTL AP,79.9997400249859,9.70029280042353e-08,1.00000000329166,0.0390618308980704,1.16164706373757,0.239802572394006,0.200000236117897,2.89946968337137e-08,2,25.5028200139356,373,750229.897064957,736082.163689815
PHOENIX SKY HARBOR INTL AP,79.9950789255725,0.546551049507593,1.02758781058123,0.0453627294601325,1.25274124334735,0.315461740188373,0.200066211153612,0.000402605817824114,2,30.5284604852644,373,1062962.83366918,736082.160991829
TOLEDO-WINLOCK MEM,56.941689235427,0.999999918804977,1.45325434401824,0.05,1.99999986746032,0.100000151169415,0.2,0,2,42.3369666853052,573,89111.8252832264,736098.932816331
TOLEDO-WINLOCK MEM,56.9416874901779,0.999999918805309,1.45325437282965,0.05,1.99999986746057,0.10000015116949,0.2,0,2,42.3369582804517,573,89111.8243439841,736098.929202153
TOLEDO-WINLOCK MEM,35.000009662261,0.999999974125035,2.00737728438723,0.05,1.75243485130311,0.100000128525544,0.2,0,2,44.1394978208704,553,125679.594983087,736098.915479294
TOLEDO-WINLOCK MEM,35.0000788458086,0.999999974118342,2.00732334340824,0.05,1.75232408409402,0.100000128556109,0.2,0,2,44.1386305235669,553,125677.34762329,736098.909810903
TOLEDO-WINLOCK MEM,49.0004395574258,0.999999940424407,1.61384875615255,0.05,1.99999893146716,0.100000123839976,0.2,0,2,43.3518453225627,553,117249.697209318,736098.899252118
TOLEDO-WINLOCK MEM,57.0009519176129,0.751973541100319,1.32991906257525,0.05,1.95866042927679,0.100721333019091,0.2,0,2,40.6898822548457,533,130048.647746767,736098.887881887
TOLEDO-WINLOCK MEM,60.5047645711539,0.750009934126393,1.2893405272482,0.05,1.95698069683702,0.100965485949032,0.2,0,2,40.1485926481127,533,128740.963425963,736098.872963206
TOLEDO-WINLOCK MEM,60.0000096729794,0.750009988059873,1.2752185555134,0.05,1.87460257617149,0.100000013968184,0.2,0,2,40.9290665669187,513,153061.374308709,736098.860198275
TOLEDO-WINLOCK MEM,60.0000146227929,0.750009721480566,1.27521840072099,0.05,1.87460255114941,0.100000013968102,0.2,0,2,40.9290665454729,513,153057.644734023,736098.855429711
TOLEDO-WINLOCK MEM,64.01720229038,0.750009995696441,1.22017881762621,0.05,1.79593353945721,0.100000010788094,0.2,0,2,39.7976874913502,493,179216.724387809,736098.842956366
TOLEDO-WINLOCK MEM,64.0178478958991,0.749985734658545,1.22016551332995,0.05,1.79592966598889,0.100000010787797,0.2,0,2,39.7976051297742,493,179200.563353722,736098.836489317
TOLEDO-WINLOCK MEM,71.1836449849964,0.750009994681428,1.15261581602706,0.05,1.70538223951656,0.100000037019109,0.2,0,2,39.0358423264224,473,209241.829748827,736098.823215671
TOLEDO-WINLOCK MEM,68.9562722174188,0.750002457928615,1.17276849482698,0.05,1.74061729751682,0.10000000660594,0.2,0,2,39.0840877659808,473,208616.63919245,736098.808235405
TOLEDO-WINLOCK MEM,76.9980214284989,0.750009994272284,1.11644263124049,0.05,1.65245874864164,0.100000001200032,0.2,0,2,38.2187272916454,453,240194.637428365,736098.794990567
TOLEDO-WINLOCK MEM,76.9723625959156,0.749678957551264,1.11673215507695,0.05,1.653747043549,0.100000001194341,0.2,0,2,38.2104113169545,453,240152.664712006,736098.784967477
TOLEDO-WINLOCK MEM,78.9868461448711,0.750009990230139,1.09276604642166,0.05,1.56155077285357,0.100000004322243,0.2,0,2,37.702174135381,433,274099.58821649,736098.772494213
TOLEDO-WINLOCK MEM,78.98678045305,0.749459504940413,1.09269621854558,0.05,1.56154044282648,0.100000004322018,0.2,0,2,37.7021153952501,433,274065.644396314,736098.763488565
TOLEDO-WINLOCK MEM,79.051554190161,0.750009995304098,1.08917342445816,0.05,1.54322715887786,0.100531726461008,0.2,0,2,35.2935688355112,413,313227.84632513,736098.751020139
LOS ANGELES INTL ARPT,72.0000085522651,0.750009993049273,1.15436789035428,0.05,1.73486863268423,0.100001926441529,0.2,0,2,29.2178118179006,493,462629.760838067,736102.069674468
LOS ANGELES INTL ARPT,73.0000025337934,0.750009993565736,1.14940457399311,0.05,1.73486821572061,0.100001926441536,0.2,0,2,29.2177901417832,493,462628.15202583,736102.054258495
LOS ANGELES INTL ARPT,76,0.750009995551828,1.12887681852487,0.05,1.69706235492496,0.100000000607339,0.2,0,2,29.1552433309724,473,526951.572330863,736102.052355266
LOS ANGELES INTL ARPT,79.9980230583754,0.505915427837198,1.04126607736396,0.05,1.40000998061392,0.100663935706411,0.2,0,2,27.6395191853921,413,743981.590748189,736102.04852603
LOS ANGELES INTL ARPT,72.0000085522651,0.750009993049273,1.15436789035428,0.05,1.73486863268423,0.100001926441529,0.2,0,2,29.2178118179006,493,462629.760838067,736102.04699331
LOS ANGELES INTL ARPT,66.9996130894378,0.750009983030867,1.20260441109132,0.05,1.81984707475088,0.100000023259562,0.2,0,2,28.6798794141281,513,401755.013321414,736102.04120728
LOS ANGELES INTL ARPT,66.9860780259082,0.750010070667344,1.20268967322651,0.05,1.81979944304403,0.100136624834902,0.2,0,2,28.6797896728056,513,401710.643414926,736102.034037986
LOS ANGELES INTL ARPT,78.9761923154988,0.750009986049841,1.07960530713725,0.05,1.48971890835955,0.100000001648507,0.2,0,2,28.5088125322064,433,668137.697398933,736102.028965046
LOS ANGELES INTL ARPT,72.9998873083523,0.750009995551827,1.14173568181729,0.05,1.69706235492496,0.100000000607339,0.2,0,2,29.1552433309724,473,527791.186375574,736102.005608125
LOS ANGELES INTL ARPT,78.9760041409459,0.749918481697852,1.07960647926726,0.05,1.48977634460624,0.100000001647965,0.2,0,2,28.5086010005024,433,668091.535704776,736101.998766771
LOS ANGELES INTL ARPT,72.9998869755564,0.750008244025291,1.14173535322134,0.05,1.69706235899611,0.100000000607316,0.2,0,2,29.1552658837651,473,527784.248556904,736101.997988657
LOS ANGELES INTL ARPT,74.000034011302,0.75000999922151,1.11953699360191,0.05,1.6080293432851,0.199998670842788,0.2,0,2,29.3241844682225,473,519459.301819953,736101.985430035
LOS ANGELES INTL ARPT,50,0.500009993350883,1.24702864694906,0.05,1.7260250874107,0.200000009831384,0.2,0,2,29.2405130075917,513,398690.579106513,736101.974182674
LOS ANGELES INTL ARPT,74,0.500009998017567,1.07969144542681,0.05,1.60802538413298,0.199999402841858,0.2,0,2,29.3242522091836,473,509123.070887085,736101.972499977
LOS ANGELES INTL ARPT,68.0006951019919,0.750009489749569,1.17764874635105,0.05,1.73486868990417,0.100001926441529,0.2,0,2,29.21781199401,493,463656.884738893,736101.961111887
LOS ANGELES INTL ARPT,54,0.500009998378165,1.20308770056331,0.05,1.69934874707916,0.200000019289932,0.2,0,2,29.0855375945813,493,456598.90159077,736101.951660637
LOS ANGELES INTL ARPT,63,0.500009998017568,1.1254004535735,0.05,1.60802538413298,0.199999402841858,0.2,0,2,29.3242522091836,473,519173.999804118,736101.942292361
LOS ANGELES INTL ARPT,62.0000165173643,0.500009998017568,1.13110866831584,0.05,1.60802538413298,0.199999402841858,0.2,0,2,29.3242522091836,473,519829.213826606,736101.936892384
LOS ANGELES INTL ARPT,76.0000329380899,0.750009992681531,1.11144003579373,0.05,1.6080242556374,0.199999572884856,0.2,0,2,29.3242905975447,473,519601.582600011,736101.927977928
LOS ANGELES INTL ARPT,78.0000280943893,0.750009988452261,1.09554234096546,0.05,1.56056967078255,0.199999226636855,0.2,0,2,28.6295687900037,453,585706.735340778,736101.910239537
LOS ANGELES INTL ARPT,79,0.50000999114388,1.06169652039148,0.05,1.56056416506548,0.200000002086751,0.2,0,2,28.6294697006994,453,574470.468653047,736101.90380625
LOS ANGELES INTL ARPT,79.9999993736079,0.500090375927477,1.03776817020124,0.0499999816525648,1.37303601472864,0.200135725885017,0.200000008283339,4.53661278176641e-06,2,27.639502403624,373,841299.254269441,736082.183963125
LOS ANGELES INTL ARPT,79.9999920534925,0.500093625124485,1.04078819787544,0.0499999999953503,1.40000995436381,0.200035693756823,0.200000116038287,2.37925093088283e-06,2,28.1469647615334,393,762237.992155188,736082.265332743
LOS ANGELES INTL ARPT,79.9780508484513,0.500009997127058,1.04103132178417,0.0499999967668375,1.40189741711196,0.367263559894311,0.200000050747112,5.95013220416431e-08,2,27.7331712149432,413,683592.877914874,736082.6407339
LOS ANGELES INTL ARPT,78.9964709047704,0.750009995837473,1.08947814032225,0.0499999968672873,1.54402682127723,0.399999395963975,0.200000005990786,4.04446498196888e-07,2,28.0457261644278,433,612501.668760109,736082.672292187
LOS ANGELES INTL ARPT,62.0195676157791,0.50000999114388,1.12436048863222,0.0499999999640835,1.56056416506548,0.200000002086751,0.200000001336379,8.73647334110827e-07,2,28.6294697006994,453,585019.03765997,736082.693635706
LOS ANGELES INTL ARPT,61.9561069641974,0.500009992776397,1.1313663471056,0.0499999997118358,1.60802191623997,0.200000013080286,0.200000005612485,5.01994560503365e-06,2,29.3243867956223,473,519798.447239473,736082.718633403
LOS ANGELES INTL ARPT,53.4882926264889,0.500009998378165,1.20770806039649,0.0499999997425168,1.69934874707916,0.200000019289932,0.200000005772576,6.36590211082295e-09,2,29.0855375945813,493,456520.442887724,736082.743692176
LOS ANGELES INTL ARPT,48.9992231592628,0.500009993350883,1.25825782610401,0.049999999996673,1.7260250874107,0.200000009831384,0.200000005801541,3.41937390125673e-06,2,29.2405130075917,513,399138.343612989,736083.194874456
LOS ANGELES INTL ARPT,37.0000098502038,0.999999905021853,1.87521108475015,0.0499999995599054,1.66385498626748,0.200000043951232,0.20000001105375,8.32277746411378e-07,2,32.3222457458443,533,350892.106353626,736083.165540625
LOS ANGELES INTL ARPT,37.0000099897042,0.999999987054127,1.9101695232222,0.0499999989255824,1.74548040158651,0.200000051933605,0.200000010641515,1.96488562640195e-06,2,32.1024413773412,553,322790.535438388,736083.124717743
LOS ANGELES INTL ARPT,37.0000097941616,0.999999988728382,1.93830985805238,0.0499999977681388,1.80982391076016,0.20000008180327,0.200001964972621,1.52405982241714e-05,2,32.8364350300655,573,294568.622730043,736082.811021111
